1000.0
149000.0
1000.0
4000.0
2000.0
3000.0
1000.0
1000.0
1000.0
1000.0
1000.0
3000.0
1000.0
3000.0
7000.0
10000.0
3000.0
5000.0
1000.0
7000.0
2000.0
1000.0
9000.0
1000.0
2000.0
6000.0
1000.0
10000.0
1000.0
6000.0
10000.0
9000.0
1000.0
1000.0
2000.0
6000.0
10000.0
2000.0
1000.0
7000.0
5000.0
1000.0
1000.0
2000.0
7000.0
4000.0
1000.0
2000.0
3000.0
9000.0
2000.0
4000.0
7000.0
1000.0
1000.0
1000.0
10000.0
4000.0
5000.0
10000.0
1000.0
1000.0
5000.0
1000.0
7000.0
1000.0
1000.0
10000.0
3000.0
1000.0
5000.0
9000.0
1000.0
8000.0
8000.0
1000.0
3000.0
7000.0
4000.0
6000.0
10000.0
1000.0
9000.0
7000.0
3000.0
7000.0
1000.0
2000.0
2000.0
6000.0
9000.0
1000.0
6000.0
1000.0
7000.0
1000.0
1000.0
10000.0
1000.0
3000.0
1000.0
3000.0
11000.0
10000.0
6000.0
1000.0
11000.0
2000.0
8000.0
1000.0
1000.0
1000.0
1000.0
1000.0
1000.0
8000.0
8000.0
2000.0
3000.0
8000.0
2000.0
1000.0
6000.0
9000.0
1000.0
7000.0
7000.0
4000.0
1000.0
6000.0
2000.0
6000.0
1000.0
9000.0
1000.0
2000.0
7000.0
1000.0
6000.0
2000.0
1000.0
8000.0
1000.0
3000.0
7000.0
9000.0
1000.0
7000.0
1000.0
6000.0
2000.0
11000.0
2000.0
6000.0
10000.0
1000.0
8000.0
8000.0
1000.0
10000.0
4000.0
5000.0
1000.0
10000.0
1000.0
7000.0
1000.0
7000.0
1000.0
1000.0
9000.0
1000.0
2000.0
1000.0
6000.0
1000.0
9000.0
1000.0
7000.0
1000.0
6000.0
3000.0
1000.0
9000.0
1000.0
3000.0
6000.0
1000.0
10000.0
4000.0
4000.0
8000.0
2000.0
10000.0
3000.0
6000.0
10000.0
1000.0
8000.0
8000.0
2000.0
1000.0
10000.0
3000.0
7000.0
10000.0
2000.0
1000.0
4000.0
1000.0
7000.0
2000.0
1000.0
1000.0
8000.0
2000.0
2000.0
4000.0
1000.0
9000.0
1000.0
2000.0
4000.0
1000.0
12000.0
1000.0
6000.0
1000.0
9000.0
12000.0
8000.0
12000.0
8000.0
3000.0
8000.0
1000.0
9000.0
10000.0
10000.0
10000.0
30000.0
2000.0
2000.0
10000.0
1000.0
12000.0
1000.0
1000.0
7000.0
10000.0
13000.0
1000.0
8000.0
6000.0
1000.0
1000.0
1000.0
1000.0
34000.0
23000.0
1000.0
1000.0
1000.0
1000.0
6000.0
10000.0
9000.0
10000.0
1000.0
3000.0
5000.0
1000.0
8000.0
1000.0
2000.0
7000.0
5000.0
4000.0
2000.0
7000.0
1000.0
7000.0
1000.0
1000.0
1000.0
6000.0
1000.0
2000.0
6000.0
10000.0
7000.0
2000.0
7000.0
3000.0
10000.0
2000.0
1000.0
7000.0
9000.0
1000.0
7000.0
1000.0
6000.0
3000.0
9000.0
3000.0
7000.0
1000.0
9000.0
1000.0
7000.0
1000.0
6000.0
3000.0
10000.0
1000.0
2000.0
1000.0
6000.0
10000.0
2000.0
6000.0
1000.0
7000.0
2000.0
1000.0
9000.0
1000.0
3000.0
6000.0
9000.0
1000.0
9000.0
1000.0
7000.0
4000.0
6000.0
1000.0
2000.0
1000.0
6000.0
1000.0
9000.0
1000.0
9000.0
7000.0
1000.0
2000.0
1000.0
8000.0
1000.0
2000.0
7000.0
10000.0
1000.0
9000.0
7000.0
2000.0
9000.0
1000.0
2000.0
1000.0
6000.0
10000.0
1000.0
8000.0
1000.0
7000.0
3000.0
9000.0
1000.0
3000.0
6000.0
1000.0
9000.0
1000.0
7000.0
1000.0
7000.0
2000.0
9000.0
1000.0
2000.0
1000.0
6000.0
1000.0
9000.0
1000.0
7000.0
1000.0
7000.0
2000.0
1000.0
9000.0
4000.0
6000.0
1000.0
1000.0
6000.0
1000.0
1000.0
1000.0
16000.0
1000.0
1000.0
1000.0
1000.0
1000.0
1000.0
1000.0
7000.0
4000.0
1000.0
2000.0
1000.0
1000.0
1000.0
4000.0
1000.0
1000.0
1000.0
1000.0
4000.0
2000.0
2000.0
1000.0
1000.0
1000.0
2000.0
9000.0
1000.0
9000.0
6000.0
1000.0
1000.0
1000.0
3000.0
1000.0
2000.0
2000.0
1000.0
1000.0
1000.0
2000.0
1000.0
1000.0
4000.0
1000.0
1000.0
1000.0
1000.0
6000.0
1000.0
2000.0
1000.0
5000.0
1000.0
9000.0
8000.0
2000.0
7000.0
1000.0
2000.0
3000.0
1000.0
6000.0
1000.0
1000.0
8000.0
1000.0
1000.0
1000.0
1000.0
4000.0
1000.0
2000.0
1000.0
1000.0
1000.0
1000.0
2000.0
1000.0
7000.0
1000.0
10000.0
3000.0
1000.0
6000.0
1000.0
9000.0
1000.0
3000.0
1000.0
3000.0
1000.0
3000.0
1000.0
1000.0
3000.0
1000.0
3000.0
5000.0
8000.0
2000.0
10000.0
1000.0
3000.0
5000.0
1000.0
2000.0
1000.0
1000.0
1000.0
5000.0
1000.0
2000.0
1000.0
4000.0
2000.0
10000.0
3000.0
9000.0
1000.0
2000.0
2000.0
1000.0
1000.0
6000.0
4000.0
6000.0
10000.0
3000.0
6000.0
7000.0
1000.0
2000.0
10000.0
3000.0
6000.0
7000.0
3000.0
1000.0
9000.0
1000.0
8000.0
1000.0
1000.0
9000.0
1000.0
3000.0
6000.0
1000.0
10000.0
9000.0
2000.0
1000.0
4000.0
2000.0
1000.0
1000.0
6000.0
1000.0
9000.0
1000.0
9000.0
8000.0
2000.0
1000.0
2000.0
1000.0
1000.0
1000.0
4000.0
1000.0
4000.0
1000.0
4000.0
1000.0
3000.0
6000.0
9000.0
1000.0
9000.0
8000.0
2000.0
1000.0
2000.0
1000.0
5000.0
1000.0
3000.0
7000.0
9000.0
1000.0
9000.0
8000.0
2000.0
10000.0
5000.0
5000.0
10000.0
1000.0
9000.0
7000.0
2000.0
10000.0
3000.0
6000.0
10000.0
1000.0
9000.0
8000.0
2000.0
1000.0
9000.0
1000.0
3000.0
6000.0
1000.0
3000.0
2000.0
3000.0
1000.0
3000.0
1000.0
1000.0
1000.0
1000.0
1000.0
1000.0
10000.0
1000.0
8000.0
7000.0
1000.0
10000.0
3000.0
6000.0
10000.0
1000.0
7000.0
8000.0
1000.0
4000.0
3000.0
1000.0
1000.0
5000.0
1000.0
4000.0
1000.0
1000.0
1000.0
1000.0
1000.0
2000.0
6000.0
1000.0
9000.0
1000.0
9000.0
8000.0
3000.0
3000.0
5000.0
1000.0
2000.0
2000.0
2000.0
1000.0
1000.0
1000.0
4000.0
1000.0
1000.0
4000.0
1000.0
2000.0
2000.0
3000.0
1000.0
1000.0
7000.0
1000.0
1000.0
1000.0
5000.0
1000.0
9000.0
1000.0
1000.0
8000.0
1000.0
2000.0
1000.0
1000.0
3000.0
1000.0
3000.0
1000.0
1000.0
4000.0
2000.0
1000.0
1000.0
6000.0
1000.0
1000.0
1000.0
1000.0
1000.0
1000.0
4000.0
1000.0
4000.0
1000.0
2000.0
3000.0
3000.0
3000.0
9000.0
4000.0
6000.0
1000.0
1000.0
1000.0
1000.0
3000.0
1000.0
1000.0
1000.0
2000.0
3000.0
1000.0
8000.0
9000.0
8000.0
1000.0
9000.0
1000.0
2000.0
1000.0
5000.0
2000.0
1000.0
1000.0
1000.0
1000.0
2000.0
1000.0
6000.0
1000.0
2000.0
1000.0
9000.0
3000.0
7000.0
1000.0
1000.0
3000.0
2000.0
1000.0
1000.0
61000.0
1000.0
1000.0
1000.0
2000.0
4000.0
1000.0
1000.0
5000.0
1000.0
2000.0
6000.0
3000.0
3000.0
3000.0
1000.0
1000.0
1000.0
1000.0
1000.0
1000.0
1000.0
1000.0
1000.0
2000.0
1000.0
1000.0
8000.0
1000.0
2000.0
2000.0
1000.0
3000.0
3000.0
1000.0
4000.0
1000.0
1000.0
1000.0
1000.0
1000.0
9000.0
1000.0
1000.0
1000.0
13000.0
2000.0
1000.0
3000.0
2000.0
1000.0
1000.0
1000.0
1000.0
3000.0
1000.0
2000.0
1000.0
2000.0
2000.0
1000.0
1000.0
2000.0
4000.0
1000.0
1000.0
1000.0
1000.0
9000.0
49000.0
15000.0
1000.0
1000.0
4000.0
1000.0
1000.0
1000.0
1000.0
1000.0
1000.0
3000.0
1000.0
1000.0
1000.0
1000.0
1000.0
3000.0
1000.0
2000.0
1000.0
1000.0
1000.0
1000.0
1000.0
1000.0
2000.0
2000.0
1000.0
1000.0
1000.0
1000.0
1000.0
1000.0
1000.0
1000.0
1000.0
2000.0
1000.0
7000.0
1000.0
5000.0
3000.0
4000.0
1000.0
2000.0
1000.0
1000.0
2000.0
1000.0
1000.0
1000.0
1000.0
1000.0
1000.0
1000.0
18000.0
1000.0
1000.0
1000.0
1000.0
49000.0
1000.0
1000.0
1000.0
1000.0
3000.0
1000.0
5000.0
1000.0
1000.0
1000.0
1000.0
1000.0
1000.0
4000.0
6000.0
5000.0
2000.0
7000.0
2000.0
1000.0
9000.0
1000.0
3000.0
5000.0
10000.0
1000.0
9000.0
7000.0
3000.0
1000.0
9000.0
1000.0
3000.0
6000.0
10000.0
9000.0
7000.0
3000.0
10000.0
3000.0
7000.0
10000.0
1000.0
1000.0
8000.0
7000.0
2000.0
1000.0
9000.0
5000.0
5000.0
1000.0
10000.0
1000.0
8000.0
1000.0
6000.0
4000.0
1000.0
8000.0
4000.0
4000.0
1000.0
10000.0
1000.0
8000.0
7000.0
1000.0
2000.0
1000.0
9000.0
3000.0
7000.0
1000.0
9000.0
1000.0
9000.0
7000.0
4000.0
9000.0
3000.0
6000.0
10000.0
1000.0
1000.0
8000.0
1000.0
6000.0
2000.0
1000.0
10000.0
3000.0
6000.0
1000.0
5000.0
1000.0
2000.0
4000.0
6000.0
7000.0
3000.0
10000.0
3000.0
2000.0
1000.0
9000.0
1000.0
9000.0
1000.0
1000.0
1000.0
5000.0
2000.0
1000.0
1000.0
1000.0
5000.0
2000.0
8000.0
14000.0
1000.0
4000.0
1000.0
4000.0
6000.0
9000.0
1000.0
10000.0
6000.0
4000.0
9000.0
3000.0
7000.0
1000.0
9000.0
1000.0
9000.0
7000.0
3000.0
1000.0
9000.0
3000.0
7000.0
10000.0
9000.0
6000.0
4000.0
10000.0
4000.0
6000.0
11000.0
1000.0
9000.0
68000.0
24000.0
1000.0
467000.0
2000.0
1000.0
1000.0
18000.0
1000.0
44000.0
20000.0
53000.0
1000.0
16000.0
86000.0
7000.0
1000.0
1000.0
1000.0
1000.0
90000.0
1000.0
4000.0
1000.0
17000.0
137000.0
1000.0
1000.0
2000.0
182000.0
10000.0
552000.0
11000.0
36000.0
16000.0
103000.0
76000.0
9000.0
2000.0
1000.0
1000.0
1000.0
1000.0
1000.0
1000.0
1000.0
1000.0
34000.0
2000.0
4000.0
68000.0
275000.0
19000.0
6000.0
1000.0
1000.0
1000.0
7000.0
1000.0
1000.0
1000.0
82000.0
1000.0
1000.0
2000.0
1000.0
1000.0
21000.0
37000.0
2000.0
5000.0
11000.0
2000.0
1000.0
2000.0
1000.0
15000.0
32000.0
3000.0
22000.0
1000.0
11000.0
49000.0
12000.0
17000.0
1000.0
15000.0
1000.0
18000.0
1000.0
1000.0
1000.0
1000.0
30000.0
1000.0
43000.0
4000.0
1000.0
1000.0
99000.0
49000.0
7000.0
1000.0
30000.0
78000.0
1000.0
3000.0
1000.0
1000.0
199000.0
51000.0
1000.0
45000.0
1000.0
99000.0
32000.0
16000.0
1000.0
86000.0
73000.0
11000.0
11000.0
17000.0
43000.0
530000.0
1000.0
1000.0
82000.0
32000.0
49000.0
1000.0
1000.0
437000.0
1000.0
1000.0
78000.0
7000.0
1000.0
22000.0
57000.0
1000.0
5000.0
26000.0
20000.0
11000.0
4000.0
1000.0
29000.0
1000.0
1000.0
21000.0
1000.0
1000.0
14000.0
1000.0
1317000.0
1000.0
98000.0
30000.0
1000.0
3000.0
1000.0
25000.0
1000.0
6000.0
28000.0
25000.0
1000.0
11000.0
6000.0
2000.0
1000.0
32000.0
5000.0
1000.0
32000.0
1000.0
12000.0
1000.0
1334000.0
1000.0
92000.0
1000.0
19000.0
18000.0
2000.0
20000.0
9000.0
5000.0
20000.0
29000.0
1000.0
14000.0
14000.0
22000.0
1000.0
9000.0
1000.0
3000.0
7000.0
1000.0
1000.0
8000.0
26000.0
1000.0
15000.0
459000.0
31000.0
1000.0
33000.0
1000.0
47000.0
66000.0
26000.0
1000.0
21000.0
1000.0
32000.0
1000.0
66000.0
267000.0
2000.0
59000.0
99000.0
1000.0
10000.0
23000.0
17000.0
1272000.0
11000.0
340000.0
12000.0
109000.0
1402000.0
82000.0
1000.0
1000.0
963000.0
44000.0
975000.0
