6.0
6.0
6.0
6.0
7.0
7.0
7.0
7.0
7.0
7.0
8.0
8.0
9.0
9.0
9.0
10.0
11.0
11.0
13.0
13.0
13.0
13.0
14.0
14.0
14.0
14.0
14.0
14.0
14.0
14.0
14.0
14.0
15.0
15.0
15.0
15.0
15.0
15.0
15.0
16.0
16.0
17.0
17.0
17.0
17.0
17.0
18.0
18.0
18.0
18.0
18.0
18.0
18.0
18.0
19.0
19.0
19.0
19.0
19.0
19.0
19.0
19.0
19.0
19.0
19.0
20.0
20.0
20.0
20.0
20.0
20.0
20.0
20.0
20.0
20.0
20.0
20.0
20.0
20.0
20.0
21.0
21.0
21.0
21.0
21.0
21.0
21.0
21.0
21.0
21.0
21.0
21.0
21.0
21.0
21.0
22.0
22.0
22.0
22.0
22.0
22.0
23.0
23.0
23.0
23.0
23.0
23.0
23.0
23.0
24.0
24.0
24.0
24.0
24.0
24.0
24.0
24.0
25.0
25.0
25.0
25.0
26.0
26.0
26.0
26.0
26.0
26.0
26.0
26.0
27.0
27.0
27.0
27.0
27.0
28.0
28.0
28.0
28.0
29.0
29.0
29.0
30.0
30.0
30.0
31.0
31.0
31.0
31.0
31.0
32.0
32.0
33.0
33.0
33.0
33.0
35.0
36.0
36.0
36.0
36.0
36.0
37.0
38.0
38.0
38.0
39.0
39.0
40.0
40.0
40.0
40.0
40.0
41.0
43.0
48.0
48.0
48.0
50.0
51.0
53.0
54.0
54.0
54.0
55.0
57.0
57.0
58.0
61.0
62.0
63.0
64.0
65.0
65.0
67.0
68.0
69.0
69.0
71.0
71.0
72.0
74.0
75.0
75.0
76.0
76.0
77.0
78.0
79.0
79.0
79.0
85.0
86.0
86.0
86.0
87.0
87.0
87.0
88.0
90.0
93.0
94.0
94.0
95.0
97.0
98.0
98.0
100.0
105.0
110.0
117.0
119.0
125.0
130.0
130.0
136.0
137.0
138.0
142.0
142.0
147.0
147.0
151.0
166.0
169.0
173.0
188.0
200.0
205.0
211.0
316.0
326.0
326.0
331.0
360.0
367.0
368.0
377.0
378.0
380.0
417.0
426.0
431.0
441.0
456.0
471.0
473.0
487.0
544.0
605.0
619.0
624.0
642.0
662.0
670.0
674.0
690.0
691.0
696.0
716.0
760.0
767.0
782.0
809.0
820.0
825.0
944.0
947.0
980.0
1038.0
1139.0
1144.0
1166.0
1332.0
1344.0
1350.0
1417.0
1453.0
1503.0
1526.0
1580.0
1740.0
1755.0
1765.0
1828.0
1968.0
1987.0
1992.0
2162.0
2440.0
2650.0
8342.0
9305.0
15093.0
